# Created by Octave 3.8.2, Wed May 06 18:27:08 2015 India Standard Time <unknown@Alok-XPS>
# name: x
# type: matrix
# rows: 40
# columns: 4
 662 195 763 406
 217 583 621 963
 42 816 153 433
 745 974 699 116
 416 74 218 699
 29 252 140 986
 620 935 824 106
 659 468 610 87
 274 456 375 827
 492 739 299 352
 122 652 947 857
 943 744 982 613
 165 172 603 346
 849 70 982 442
 862 730 220 366
 893 862 31 643
 6 146 136 33
 84 910 769 719
 483 768 3 421
 512 107 693 518
 357 63 553 974
 964 782 58 113
 881 218 954 614
 969 122 350 25
 885 710 465 870
 762 517 211 25
 940 858 269 462
 997 896 501 267
 868 971 410 251
 996 277 852 539
 258 150 367 114
 115 381 581 497
 99 586 646 267
 686 94 883 147
 681 935 65 606
 677 391 958 364
 113 100 827 231
 5 890 464 722
 912 236 674 343
 356 486 115 409


